label,x,y
7.22817516038212,9.01502740318998,12.8015055992981
7.305035381533,9.83634217890919,13.528277438446601
7.35221936026932,10.583211499171599,14.2611981344193
7.377502393354959,11.2601122852813,14.9977103095503
7.38613214453297,11.8718512960887,15.7358988115994
7.38176438093258,12.4232793809331,16.4742886641245
7.36701872677328,12.919127880933098,17.2117157658077
7.343820083761518,13.363916965517099,17.9472415120857
7.313615034600152,13.7619072773415,18.6800948107112
7.277512949652669,14.1170780530674,19.4096316996038
7.23638037483428,14.4331215427259,20.1353065844473
7.19090563424141,14.7134474259368,20.8566513352953
7.14164396884811,14.961193246767195,21.5732598159558
7.08904966799304,15.179238318975301,22.284776243538104
7.03349933009688,15.370219453877098,22.9908862966784
6.97530896091832,15.5365474414991,23.6913102283188
6.914746718286329,15.680423593441,24.3857974619092
6.85204253379943,15.8038559059255,25.0741223001595
6.78739546264567,15.9086745687129,25.7560804784925
6.7209793594367815,15.996546658106196,26.4314863671475
6.65294730603883,16.0689899282393,27.1001706766572
6.58343509888876,16.127385666019194,27.761978557826602
6.512564020441822,16.1729906093062,28.4167680137705
6.44044306070662,16.2069479504197,29.0644085609799
6.367170712733508,16.2302974614484,29.7047800908007
6.2928364353890585,16.2439847865769,30.337771893511402
6.217521854363572,16.248869951458097,30.963281815366503
6.1413017557821785,16.2457351417487,31.5812155252112
6.06424491440204,16.235291803152002,32.1914858720718
5.9864147890406,16.218187114277,32.7940123188464
5.90787011078457,16.1950098817534,33.388720440120395
5.82866538409802,16.1662959046565,33.9755414744083
5.74885131676167,16.132532852600697,34.554411922919805
5.66847519132786,16.0941646990168,35.125273188379396
5.587581188241369,16.0515957482479,35.6880712485622
5.5062106687879,16.0051942922472,36.242756360128105
5.4244024244634295,15.955295929901302,36.7892827890693
5.3421928981152496,15.9022065793575,37.3276085646825
5.259616381216111,15.8462052112333,37.857695254465106
5.17670519084274,15.787546328231599,38.3795077577255
5.09348982929581,15.7264622144927,38.893014116029
5.0099991287878485,15.663164975973,39.39818533886221
4.92626038321361,15.5978483912545,39.8949952431256
4.84229946868266,15.530689590450402,40.383420305246894
4.75814095422299,15.4618505782736,40.86343952485971
4.67380820384222,15.3914796158686,41.335034299126704
4.58932347095238,15.319712474665899,41.7981883068914
4.50470798601541,15.2466735742946,42.2528874019375
4.41998203814413,15.172477015466699,42.6991195147157
4.33516505129294,15.097227517734401,43.13687456196429
4.2502756555885,15.0210212710903,43.5661443637086
4.1653317542816914,14.9439467095401,43.9869225671801
4.08035058674388,14.866085214014197,44.3992045772346
3.99534878788264,14.787511751287198,44.802987492895696
3.91034244431089,14.708295454946699,45.198270049679614
3.82534714756966,14.6285001538832,45.5850525673929
3.74037804467529,14.5481848532518,45.9633369031212
3.65544988623748,14.467404172394199,46.3331264091537
3.5705770723733403,14.3862087437785,46.694425895611
3.48577369662463,14.304645576638,47.0472415975677
3.40105358806983,14.2227583886366,47.3915811464773
3.31643035180893,14.140587908579999,47.7274535457292
3.2319174079874102,14.058172152902902,48.0548691501832
3.14752802951541,13.9755466784113,48.3738396495418
3.0632753786290894,13.8927448135217,48.684378055438614
2.9791725424333,13.809797870032499,48.986498692133395
2.89523256755745,13.726735337272501,49.280217190717494
2.81146849405048,13.643585060301001,49.56555048674871
2.7278933886348904,13.560373403676,49.842516821244295
2.6445203774349,13.4771254021719,50.11113574497421
2.5613626782892203,13.393864899698201,50.371428126007004
2.47843363275472,13.310614677557304,50.62341616047279
2.39574673790327,13.227396573077,50.867123386517
2.31331567801078,13.1442315895596,51.1025747014287
2.23115435623389,13.061139998404801,51.32979638193849
2.14927692636639,12.978141434187698,51.5488161076885
2.06769782476482,12.895254983405499,51.759662987887
1.98643180252902,12.812499267541499,51.9623675911691
1.9054939580208603,12.729892521040199,52.1569619786932
1.82489976980068,12.6474526647383,52.343479740510205
1.74466513005793,12.5651973752445,52.5219560352522
1.66480637860873,12.4831441507259,52.69242763319311
1.5853403375291395,12.4013103735142,52.854932962741096
1.50628434648857,12.3197133699157,53.0095121604301
1.42765629884276,12.238370467572901,53.156207124483615
1.34947467854042,12.157299050699901,53.295061572028
1.27175859789086,12.076516613484001,53.4261211000419
1.19452783623328,11.996040811924699,53.549433250126
1.11780287953941,11.9158895143555,53.665047577189
1.04160496097209,11.8360808508739,53.7730157221415
0.965956102411045,11.7566332618837,53.8733914886946
0.8908791569445391,11.6775655459365,53.9662309243608
0.8163978523109441,11.5988969070373,54.0515924057522
0.742536835257397,11.520647001564601,54.129536728269606
0.669321716763681,11.4428359849339,54.200127200272
0.596779118057309,11.3654845581169,54.2634297418087
0.524936717320843,11.288614014110902,54.31951298798929
0.453823296963979,11.2122462844319,54.3684483970533
0.383468791300585,11.136403985685101,54.410310363189105
0.3139043344343689,11.061110466246701,54.4451763341321
3.56031266071934,3.48540194192317,13.0700662237925
4.54117352885324,4.49289301380279,13.4779530797578
5.23378555111325,5.497721065307831,13.968602453596999
5.71783475981727,6.47132751388838,14.517360440192402
6.05892595301416,7.395978238481259,15.106916121131198
6.3017948025209805,8.26227300993455,15.7253919221298
6.47575095299523,9.066225189193199,16.364540608317302
6.60007737901171,9.8071777655734,17.0184997314097
6.68770678546492,10.4864677269172,17.682991525938
6.74752212230471,11.106591632772,18.3548139145129
6.785775116227733,11.670684681725302,19.0315126957611
6.80696922612825,12.1821937251755,19.711166115123802
6.81441945502656,12.6446712752708,20.3922400791013
6.8106149722279,13.0616460932464,21.0734886532471
6.79745918972023,13.4365429811445,21.753884216511196
6.776432093395902,13.772634602002098,22.4325674565242
6.74870220666388,14.0730143511415,23.108810912698694
6.71520525293131,14.340583136693699,23.7819919486836
6.676700372131162,14.578045348317499,24.451572405176602
6.63381093235548,14.7879108506988,25.1170830636873
6.58705458979172,14.9725008588645,25.7781116276683
6.53686572675233,15.1339562319572,26.434293311273198
6.483612407972782,15.274247181436698,27.08530338627201
6.42760934139295,15.3951837040903,27.73085121697461
6.369127890455131,15.4984262678206,28.370675438411002
6.30840388550185,15.585496430084099,29.004540021938897
6.245643774756418,15.657787175625801,29.6322310363272
6.18102951021272,15.7165728355389,30.2535539588022
6.11472246074187,15.7630185030063,30.868331424696198
6.046866570746219,15.7981888987798,31.4764013297087
5.977590928981591,15.8230566659765,32.0776152178313
5.9070118727693295,15.838510092277,32.671836902403
5.83523472363629,15.8453602703262,33.2589412787747
5.76235522860766,15.844347715657198,33.8388132955358
5.6884607649324215,15.8361484669523,34.4113470578308
5.61363135352481,15.8213796967503,34.976445041426004
5.53794051683621,15.800604862427699,35.5340174002252
5.46145600949415,15.7743384278686,36.083981353123
5.384240444317889,15.7430501860311,36.6262606386257
5.306351831847151,15.707169211859801,37.160785027701
5.22784404800659,15.667087473858599,37.6874898869516
5.14876724175302,15.623163131273401,38.206315785528496
5.06916819234833,15.5757235423213,38.7172081402715
4.98909062414318,15.525068007324,39.2201168944392
4.90857548534714,15.4714702690059,39.7149962261077
4.82766119612703,15.415180790640099,40.2018042829075
4.74638387045849,15.3564288311888,40.6805029402533
4.664777515412281,15.2954243351157,41.1510575806302
4.58287421095131,15.232359653145402,41.6134368918329
4.50070427281971,15.167411108926,42.067612682341
4.4182964006993615,15.1007404253154,42.5135597122465
4.33567781347578,15.0324960228538,42.951255538355795
4.252874373179742,14.962814201916,43.3806803722536
4.16991069894297,14.891820219042303,43.8018169502639
4.08681027211669,14.819629267032402,44.2146504143681
4.00359553354436,14.746347367540801,44.6191682032448
3.920287973847549,14.6720721841412,45.01535995269021
3.83690821747377,14.596893763111801,45.403217404757996
3.7534761011616897,14.520895208548,45.7827343250274
3.67001074740089,14.4441532978094,46.1539064274699
3.58653063339673,14.3667390427685,46.5167313064397
3.5030536559944503,14.2887182018314,46.871208375360496
3.41959719296857,14.210151747247698,47.2173388117257
3.33617816104236,14.131096291819803,47.5551255080655
3.25281307096692,14.051604478742002,47.884573028571204
3.1695180799589,13.971725337964498,48.205687571097
3.08630904176957,13.891504612163901,48.518476934288906
3.00320155463532,13.8109850551245,48.82295048961579
2.92021100733931,13.7302067050756,49.1191191581036
2.8373526235972406,13.649207135302,49.4069953915918
2.75464150496439,13.568021684131505,49.6865931583572
2.67209267244809,13.4866836662148,49.9579279329639
2.58972110699739,13.4052245668381,50.2210166902202
2.50754178903175,13.323674220854,50.475877903137
2.42556973716039,13.2420609776718,50.72253154480021
2.34382004623608,13.1604118536207,50.9609990940816
2.26230792487891,13.0787526728822,51.191303545131
2.1810487325987897,12.997108198081904,51.413469420600606
2.1000580166388,12.9155022515336,51.62752278856811
2.01935154865552,12.8339578280441,51.8334912831382
1.9389453613463,12.7524972001052,52.031404128708495
1.85885578512842,12.6711420162293,52.221292167902696
1.77909948496903,12.589913393119199,52.4031878931791
1.6996934974596598,12.5088320023042,52.5771254821362
1.6206552682231998,12.427918151819801,52.7431408365411
1.5420026897358,12.3471918634601,52.90127162512221
1.46375413963955,12.266672946087699,53.0515573301676
1.3859285196156002,12.1863810654429,53.1940392979845
1.3085452948798502,12.1063358108601,53.3287607932769
1.23162453435567,12.0265567592621,53.455767057508496
1.15518695156897,11.9470635367715,53.57510537131871
1.0792539463014,11.8678758782512,53.6868251210672
1.00384764702578,11.7890136850562,53.790977869583905
0.928990954135728,11.7104970812532,53.8876174312031
0.8547075839666559,11.632346468541401,53.976799951160295
0.781022113589273,11.554582580084,54.0585839894317
0.707960026338073,11.4772265334345,54.1330306090901
0.6355477580163299,11.4002998827249,54.2002034692489
0.5638127436952299,11.323824670254,54.26016892265739
0.492783464997762,11.2478234775981,54.3129961180015
6.772866015356341,5.81391692721814,9.936214985790382
7.04749133969144,6.9098118360319605,10.627931837604
7.22554420116629,7.9235797863979105,11.3419627523089
7.34120107822271,8.85377622787475,12.070506464653
7.414701081302191,9.702518712909539,12.808412041898999
7.4585052414415,10.473736949748801,13.552127836747902
7.48060651079764,11.172213778918099,14.2991066334965
7.4863300841326,11.803053052106,15.0474574586195
7.47934603292047,12.3713807553087,15.795733788254001
7.46226070589174,12.882177283069902,16.542799889797
7.43697487629085,13.340185625352099,17.2877436017769
7.40490798267445,13.7498645504459,18.029817691194697
7.367142813772629,14.115368893668801,18.7683993640722
7.324521411067599,14.440546285679199,19.502961641435302
7.2777101876245425,14.728943798218,20.2330526918008
7.22724510989341,14.983820437158695,20.9582806226082
7.173563660742659,15.208162904432099,21.6783020947862
7.117027850151612,15.4047029800632,22.392813664794502
7.0579410453468086,15.575935467072,23.1015451052471
6.99656045893028,15.724136024899499,23.8042541827534
6.93310653788672,15.8513784683026,24.5007225239055
6.8677701084016,15.959551275261,25.190752304153598
6.800717874004741,16.0503731585751,25.874163566262197
6.73209669079718,16.125407630118,26.550792025683602
6.66203692436164,16.1860765361859,27.2204872563313
6.59065511003407,16.2336725750035,27.883111176373
6.51805607971864,16.2693708285066,28.538536772791602
6.44433467663918,16.294239353627802,29.186647017610504
6.3695771492152,16.309248885928902,29.8273339392587
6.293862293177461,16.315281712257498,30.4604978205298
6.21726239474451,16.3131397703495,31.086046500658398
6.139844015539402,16.303552032789,31.703894763698802
6.0616686507973805,16.2871812310641,32.3139637989887
5.982793285497558,16.2646299730374,32.9161807222784
5.903270867767791,16.2364463042834,33.5104781483048
5.82315071484929,16.2031287606319,34.0967938073109
5.742478863762551,16.165130956053602,34.675070199383
5.6612983763669,16.122865746824502,35.24525428156689
5.579649606588808,16.0767090097787,35.807297183595
5.49757043608469,16.0270030694597,36.3611539487581
5.41509648341057,15.974059806122199,36.9067832970198
5.33226129082322,15.918163473851099,37.4441474079341
5.2490964920815895,15.8595732555483,37.9732117212966
5.165631964012361,15.7985255792016,38.49394475377
5.08189596411755,15.7352362176827,39.0063179299727
4.9979152561105495,15.6699021923262,39.51030542673129
4.91371522495035,15.602703498704601,40.0058840293665
4.8293199826871,15.5338046713292,40.4930329990285
4.74475246622337,15.463356202465,40.9717339502189
4.66003452792529,15.391495828840801,41.4419707377354
4.57518701987847,15.318349698749303,41.9037293523658
4.49022987246949,15.244033430862201,42.356997824728
4.405182167879599,15.1686530750229,42.8017661367181
4.3200622090000405,15.0923059843086,43.238026140083896
4.23488758421381,15.015081606777699,43.66577148168611
4.14967522843558,14.9370622045213,44.08499753505551
4.06444148075697,14.858323506912804,44.495701337886494
3.9792021390069503,14.7789353042972,44.897881535145295
3.89397251150598,14.6989619877682,45.2915383274961
3.80876746626605,14.618463040141899,45.676673424778
3.72360147786614,14.5374934827544,46.053290004287796
3.6384886722137897,14.456104282265501,46.4213926736479
3.5534428693868,14.3743427212604,46.7809874380552
3.46847762473516,14.292252736073001,47.1320816717309
3.3836062684110497,14.209875224939196,47.4746840934019
3.29884194348411,14.1272483292864,47.808804745667715
3.21419764278993,14.044407690706198,48.13445497811621
3.12968624465159,13.9613866859145,48.4516474340698
3.04532054760684,13.8782166417883,48.7603960408549
2.9611133042671205,13.7949270323701,49.060716003502904
2.87707725442908,13.7115456595598,49.3526238017996
2.7932251575539904,13.6280988190467,49.636137190616296
2.7095698247258904,13.5446114528975,49.911275203463
2.62612415019542,13.461107290080301,50.178058159218295
2.5429011426119903,13.3776089760918,50.4365076719983
2.45991395604406,13.2941381927438,50.6866466641395
2.37717592088366,13.210715769073902,50.9284993822783
2.29470057472832,13.127361784254804,51.162091416520795
2.2125016933309,13.0440956633022,51.387449722704496
2.13059332170485,12.960936266305099,51.6046026477642
2.0489898054696103,12.877901971845,51.8135799582198
1.96770582251835,12.7950107552075,52.0144128718165
1.8867564150872,12.7122802619386,52.20713409235189
1.80615702230221,12.629727877253401,52.3917778477345
1.72592351327717,12.5473707917583,52.568379931325104
1.64607222083177,12.465226063910196,52.7369777466195
1.56661997589598,12.3833106796024,52.897610355338
1.48758414266193,12.301641609231696,53.0503185289928
1.40898265454002,12.220235862574699,53.1951448040125
1.33083405097008,12.1391105417713,53.3321335405041
1.25315751513218,12.0582828926912,53.4613309847429
1.1759729125944098,11.9777703549353,53.582785335480395
1.0993008309261,11.897590610701199,53.6965468141663
1.02316262029565,11.817761632723697,53.8026677391813
0.947580435060248,11.7383017314809,53.9012026041805
0.8725772763422109,11.6592296018388,53.9922081606458
0.7981770355712711,11.5805643692891,54.075743504745205
0.7244045389551189,11.502325635917401,54.151870168593206
0.651285592820537,11.424533526221099,54.22065221600389
0.578847029744999,11.3472087328811,54.2821563428176
6.81366766142013,5.80195472817425,9.79266054660331
7.083709582265168,6.90312602149884,10.4882195258471
7.258103133233781,7.92118437757547,11.2056826485345
7.3708461839272585,8.8548762531413,11.9373317757113
7.44200671521153,9.7064732462199,12.678081470711401
7.48390982210717,10.4800265931191,13.4244303189232
7.50444646898286,11.180414916017899,14.173869556534905
7.50886641023229,11.8128180713144,14.9245378812955
7.500783771712049,12.382422905206196,15.6750119347265
7.48276302181701,12.894258991856804,16.4241743010279
7.45667320274513,13.353109394852801,17.1711274835511
7.42390940266977,13.763465775641999,17.915136129291803
7.38553548675441,14.1295101383448,18.6555871736656
7.34237861225363,14.455112673185804,19.3919616857331
7.295093352235451,14.7438392670925,20.123814552149398
7.244206155434767,14.998964675606803,20.8507595350821
7.1901467791976605,15.2234888235896,21.572458091240506
7.13327090628603,15.4201546191504,22.288610872565197
7.07387667892541,15.591466247864,22.9989511712605
7.01221696188304,15.739707290970099,23.7032397961636
6.94850855861317,15.8669582580614,24.4012610174882
6.8829392219760726,15.975113288116601,25.0928193191925
6.8156730473774685,16.0658958815025,25.777736769035894
6.7468546650493,16.14087359809,26.455850866197
6.67661253089679,16.201471704786,27.127012761873804
6.6050615337452685,16.248985787397,27.791085773972398
6.53230507928619,16.284593362031902,28.447944135784997
6.45843676993415,16.3093645337573,29.0974719324581
6.38354177011773,16.324271757374998,29.7395621894355
6.30769792483827,16.330198758649303,30.3741160848945
6.23097668332384,16.3279486752682,31.0010422641532
6.153443867681191,16.318251476073698,31.620256238592702
6.075160317485559,16.3017707152345,32.231679855175
5.996182434457031,16.2791096754596,32.835240825374605
5.916562646186758,16.2508169513593,33.4308723045004
5.83634980389009,16.2173915208421,34.0185125140703
5.75558952607792,16.1792873491469,34.5981044012441
5.67432449763631,16.13691756684,35.1695953303882
5.59259473192397,16.0906582599196,35.7329368026964
5.51043780201773,16.04085190712,36.28808420047721
5.42788904606692,15.9878104966098,36.8349965532756
5.34498175078884,15.9318183515555,37.3736363234391
5.26174731639739,15.873134691478901,37.9039692091116
5.17821540566474,15.8119959539707,38.4259639629303
5.09441407934031,15.7486178991401,38.9395922249545
5.01036991976838,15.683197517160098,39.44482836855
4.92610814423608,15.615914757421,39.9416493581285
4.84165270933279,15.5469340961025,40.4300346177785
4.75702640739784,15.476405957425499,40.909965909941
4.67225095596763,15.4044680024227,41.381427223386396
4.58734708099703,15.3312462977772,41.8444046698286
4.50233459451895,15.2568563760992,42.2988863885891
4.41723246731406,15.181404197941198,42.74486245878129
4.33205889708746,15.104987024878499,43.18232481854201
4.24683137258631,15.0276942120994,43.611267190880696
4.1615667340407985,14.949607928148101,44.0316850157616
4.07628123026728,14.870803808737302,44.4435753880651
3.99099057273655,14.791351550890301,44.8469370011123
3.90570998687953,14.711315453074999,45.2417700954601
3.82045426087713,14.6307549064554,45.628076412704495
3.73523779215916,14.5497248418976,46.005859154050505
3.65007463181883,14.468276136923699,46.3751229434305
3.56497852713312,14.3864559864132,46.73587379497111
3.47996296236611,14.304308240485199,47.08811908462821
3.3950411980200297,14.221873712673302,47.43186752582721
3.3102263086889203,14.139190461208,47.7671291489596
3.2255312196605,14.056294045956099,48.093915284603995
3.1409687424041803,13.973217763326499,48.4122385503534
3.05655160907589,13.8899928612343,48.7221128411431
2.97229250616463,13.8066487360185,49.02355332298779
2.8882041073996003,13.723213113033099,49.3165764300471
2.8042991060323703,13.6397122124697,49.6011998649521
2.72059024660366,13.556170901826,49.8774426023349
2.6370903563005497,13.472612836303801,50.145324895515614
2.55381237600615,13.389060588303401,50.4048682863101
2.47076939114033,13.305535767073698,50.6560956179339
2.38797466238717,13.2220591294804,50.899031050984405
2.30544165640152,13.138650682771,51.133700082495785
2.22318407658472,13.055329780134098,51.360129568069105
2.14121589401621,12.972115209779199,51.5783477470875
2.05955137862572,12.889025278202901,51.7883842710386
1.97820513068764,12.806077888245099,51.9902702349693
1.8971921127164,12.7232906124894,52.184038212111396
1.81652768183918,12.6406807625121,52.369722291721494
1.7362276227185902,12.558265454444802,52.5473581201857
1.65630818109514,12.476061671272195,52.7169829454481
1.5767860980151698,12.3940863222545,52.8786356648288
1.49767864480593,12.312356299830599,53.032356876302
1.41900365885461,12.2308885343281,53.1781889333134
1.34077958024272,12.149700046780698,53.316176003217294
1.263025489281,12.0688080001269,53.4463641294248
1.18576114498272,11.9882297490423,53.5688012973509
1.10900702450506,11.9079828886364,53.6835375042601
1.03278436357851,11.8280853022233,53.790624833104296
0.95711519793316,11.7485552083588,53.890117530455896
0.882022405718121,11.669411207316198,53.9820720886332
0.807529750895252,11.590672327156401,54.0665473321173
0.733661927571701,11.5123580695303,54.1436045083565
0.6604446052162061,11.434488455334401,54.21330738304921
0.587904474681842,11.3570840703226,54.275722339989606
