label,x,y
-13.727190542118098,4.86070775030401,11.5069474930959
-7.1078001482053805,3.4879886960922004,11.4434944362319
-4.9367960673335185,2.7772086812716603,11.333144823606501
-3.86142950426965,2.2835290745383103,11.188503740680597
-3.2234848617970098,1.89738612411135,11.0144773391089
-2.79445894206663,1.57503763793165,10.813045542070801
-2.46989333966613,1.29559174372498,10.584493036729599
-2.1917012292316698,1.04860240975837,10.3280579739908
-1.9233426503599096,0.829432286835203,10.0425479795718
-1.64296166210186,0.637098021799212,9.72718268810693
-1.34441368243186,0.472801855589026,9.38278105145864
-1.0397149768698002,0.33836048734584,9.0131111947328
-0.755254976410598,0.23438898965886,8.625712647297929
-0.518168886914225,0.15886349201779998,8.23124589409228
-0.34148200175654203,0.107046603326378,7.84119401114872
-0.22094433332011887,0.0728984031507234,7.465178220670039
-0.143092010526672,0.0508039698187115,7.10947463503503
-0.0939728112703207,0.0364947687660443,6.77709186649302
-0.0630046144493705,0.0270974876390122,6.46867187964466
-0.0432218449009844,0.0207970261940752,6.183450853047661
-0.030321722613001,0.0164748417039767,5.91996125855606
-0.0217046531791975,0.0134426694426766,5.676460815773572
-0.0158000031230618,0.0112722041247569,5.45116778266966
-0.0116475923746975,0.009692203812450707,5.24237886625298
-0.008649914653527841,0.008527444574980959,5.04852140436611
-0.006427377004801629,0.007662453109628179,4.86817055327678
-0.00473343211820135,0.00701971540914801,4.7000487178036385
-0.0034042190042124,0.00654637219732788,4.54301659053787
-0.0023281824578656896,0.00620595029690664,4.39606077511167
-0.0014273960985480099,0.00597313205112007,4.2582805668776205
-0.000645845027509876,0.00583039244126527,4.1288751654023
5.808587801674929e-05,0.00576580793851428,4.00713189761387
0.000716542336035482,0.00577161652631596,3.8924156637318097
0.00135552494968092,0.0058432707599195,3.7841596303120695
0.00199720447421004,0.0059788232548876,3.68185710396357
0.00266160154834045,0.0061785437023086,3.5850544806803195
0.00336787045599052,0.00644470385714265,3.4933451546667795
0.0041353454563494,0.0067814909027417,3.4063642735077204
0.00498445901851281,0.00719502544837664,3.32378423617961
0.00593761169559163,0.00769347135022792,3.2453108427613104
0.00702005620455229,0.00828723251978708,3.1706800177137286
0.00826084931981332,0.00898923814024231,3.09965504125141
0.00969392196893848,0.00981532307222365,3.0320242351939304
0.0113593190322743,0.0107847152691175,2.96759906064497
0.0133046650604752,0.0119206471723449,2.9062125949504103
0.0155869201388675,0.0132511136783924,2.84771836475878
0.0182745014497225,0.0148098056922792,2.79198952080105
0.0214498609274369,0.0166372558372514,2.73891834837148
0.0252126281233973,0.0187822419299951,2.6884161155461697
0.0296834504198482,0.0213035047423349,2.64041326898936
0.0350086904362411,0.0242718497843197,2.5948599947535
0.0413661730107695,0.0277727188279438,2.5517271686366
0.0489722111118867,0.0319093361290207,2.5110077270959503
0.0580901799007874,0.0368065572402094,2.47271849483558
0.06904094723529901,0.0426155752302882,2.4369025080030298
0.0822154995878145,0.0495196699538181,2.40363187091946
0.0980901101965515,0.0577412199125995,2.3730111771419904
0.11724435506507902,0.0675502309322547,2.3451815091431603
0.140382146233833,0.0792746664387625,2.32032500046492
0.168355642445588,0.0933128810621458,2.2986698939099304
0.202191285972948,0.110148445306705,2.2804959518095096
0.24311609542067106,0.130367573903999,2.26613996140632
0.292580404605967,0.154679183446067,2.25600092222271
0.35227003043895705,0.18393722390666287,2.25054429883056
0.42409580623135,0.21916422695055893,2.25030447642632
0.5101409443826359,0.261573807573694,2.25588428962792
0.612536536514437,0.312587902011958,2.26795025545224
0.7332235252259491,0.37384155566340105,2.2872220139626296
0.873549181258846,0.4471639081859961,2.31445458585406
1.03364590978462,0.534518826311881,2.3504125345449
1.21156583570751,0.637883417290343,2.39583607835306
1.40221906351507,0.7590400008610941,2.45140062909797
1.59630869535656,0.899261907212601,2.51767292899464
1.77966815421042,1.05889277674826,2.59506847960778
1.93361510759109,1.2368595921693,2.6838157361683
2.0369667337698703,1.43022110292841,2.7839321214789
2.06997343979108,1.6339177763053998,2.89521522885472
2.01951170405805,1.8409151202845,3.01725006622616
1.8837529147283405,2.04286629069031,3.1494305934823
1.67402693517774,2.23124158216314,3.2909918101768
1.41251168501686,2.39864427568092,3.44104759624893
1.12647552693022,2.5398954441826,3.59862937967573
0.8416311245586521,2.65254299687562,3.76272134539405
0.577315986212948,2.7367061093314904,3.9322891509304703
0.34475750109861203,2.79443770795278,4.106300756118061
0.147950114983626,2.82891345806265,4.2837396337927585
-0.0141784287734111,2.84370846956101,4.4636118715251
-0.14550167057461402,2.8422906266836696,4.644949237583161
-0.250956768509131,2.82774045962621,4.8268102024175965
-0.335467204399905,2.80264478277529,5.00828042886167
-0.403403187907331,2.7690980623353,5.1884736507795095
-0.4583929770189311,2.72875774354457,5.36653334025007
-0.5033269686009529,2.68291844584268,5.54163519359578
-0.540448743918759,2.63258574898258,5.712990246256219
-0.571472449793978,2.5785408745907,5.8798483224629985
-0.597696421893689,2.52139362961131,6.04150149987046
-0.620100790335663,2.46162398742194,6.19728729073649
-0.639426074034515,2.39961390838837,6.34659128821041
-0.656233989393246,2.33567130098492,6.48884908476805
-0.6709532297688431,2.2700479020456,6.62354733121526
-26.9106226778331,6.58096270030409,11.4336027281584
-8.64911293076122,3.88990043252078,11.4109681122635
-5.560100349055902,3.02498913944466,11.3225647749104
-4.1887960514584,2.46897910453907,11.1964456161181
-3.4225814239453705,2.05009949939323,11.0394428489104
-2.93132663377322,1.70784135699869,10.8545214187784
-2.57777357405917,1.4147086936213702,10.642622196923599
-2.29093455626212,1.15693133621546,10.4034204041543
-2.02777539326178,0.9278378805892428,10.135890495839
-1.76089930619255,0.7250603412630648,9.83899232795464
-1.47686623322306,0.54897041064381,9.5126563776404
-1.17876026121135,0.401283787321504,9.1590558719855
-0.886355597033745,0.283407761200369,8.78375124311829
-0.627541729687607,0.194772201496994,8.39584868644822
-0.423090453253914,0.13201802852823402,8.00650877559495
-0.277041281973331,0.0897089832028424,7.62634282474216
-0.179888805697056,0.0620048550055092,7.26326393528204
-0.117699529472615,0.0440159744358037,6.921828536227161
-0.07834961648955001,0.0322460214885422,6.603793092378512
-0.0532927512589087,0.0244110598395872,6.30906962459118
-0.0370682598986494,0.0190817847136963,6.03654870892569
-0.0263285745213277,0.0153749587238314,5.78464926972525
-0.0190434752008171,0.0127421012716986,5.551639190516349
-0.0139745825132226,0.0108377537516169,5.33580571022266
-0.0103555367289433,0.00944029550029462,5.135537789193889
-0.00770305799944437,0.008404741827400291,4.9493599832463
-0.00570590021255779,0.00763443602745585,4.77594080186468
-0.004159104817973889,0.00706384600620008,4.61408832810009
-0.00292453240769037,0.0066479355244026895,4.46274002412813
-0.0019067564141554301,0.00635548228363365,4.32095039106072
-0.0010380541805559,0.00616480664221811,4.18787836851902
-0.000268867570626402,0.00606100122416252,4.062775392283752
0.000438396679211994,0.00603411446709988,3.9449745095306
0.00111349788093689,0.0060779541350210785,3.8338806780935903
0.00178119607503084,0.00618930392311476,3.7289622375598697
0.00246326951809954,0.00636742353061785,3.62974347455537
0.0031800189582216,0.0066137504824278,3.53579817856364
0.00395145702988286,0.00693175237824996,3.4467440793795894
0.00479831691020053,0.00732689808123825,3.3622380625560297
0.00574297547386008,0.0078067297722583,3.2819720693344
0.00681036310764188,0.008381027319644309,3.20566959954551
0.00802891952394205,0.0090620636304085,3.13308274826415
0.00943164906406404,0.0098649555828027,3.0639897188568903
0.0110573282044526,0.0108081204892091,2.99819276617832
0.0129519212258868,0.0119138533096544,2.9355165339935
0.0151702667789262,0.0132090454322431,2.8758067603010296
0.0177781082466464,0.0147260721101357,2.81892933322794
0.0208545544879378,0.0165038829348003,2.7647696886994795
0.0244950750317889,0.0185893383835941,2.71323254927455
0.0288151554683877,0.021038845886772996,2.66424201145698
0.0339547650204649,0.0239203614336118,2.61774199644652
0.0400838192764288,0.0273158379356582,2.57369708657196
0.047408856558526995,0.0313242198633011,2.53209377627499
0.0561811851413412,0.0360651055191538,2.49294217196223
0.0667067974160273,0.0416832240332879,2.45627817843534
0.0793583795930293,0.0483539037748907,2.42216620956013
0.0945897591107951,0.0562897417341936,2.39070245526616
0.112953103665643,0.0657487176452731,2.36201872286916
0.13511907535836698,0.0770440280118374,2.336286843897
0.161899881934547,0.0905559355476742,2.31372359250763
0.19427464010774687,0.106745923741129,2.29459599123081
0.233415489939625,0.126173387751904,2.27922677612008
0.280711191830777,0.149514936745866,2.267999648583
0.337782089805657,0.17758605592894394,2.26136374998952
0.406475798160604,0.21136426490951,2.25983655982664
0.4888261742611271,0.25201184472557003,2.26400415549636
0.58694871153297,0.300894462151683,2.2745175229220496
0.702833938388257,0.35958933330497994,2.29208344682742
0.837989437501138,0.4298727271438049,2.31744855009177
0.992877677932456,0.5136716708939191,2.35137542952021
1.16611468516423,0.612959438687165,2.39461067002814
1.35345490820447,0.7295709072035881,2.44784583809576
1.5467135853239,0.8649163980240351,2.51167420525663
1.73297473941347,1.01958775655642,2.58654755057717
1.89465010161349,1.19288523049777,2.67273838899583
2.01104460269196,1.3823502406591202,2.77031286616158
2.0618168411552302,1.58345470092832,2.8791181717124394
2.03193496275574,1.78963638504384,2.9987859651212103
1.91661338929822,1.9928298813194096,3.1287506766685897
1.7239949338205305,2.18449122024924,3.2682793703591297
1.47388029558889,2.35689071363129,3.4165085660457404
1.19268303394926,2.50427874319018,3.57248307288678
0.906807786048418,2.6235470465851,3.73519234801293
0.637263490283291,2.7142278251899503,3.90360100493823
0.397184225074534,2.7779541742182703,4.07667166194026
0.192160584569687,2.8176725967257297,4.25338000653013
0.0221851578200285,2.8368886551827,4.43272332311545
-0.116055143160928,2.8391071709647,4.61372446573153
-0.227303677442795,2.827501656648609,4.79543331878666
-0.316508902797317,2.80477128890433,4.976927386115559
-0.388171635577542,2.7731203986246,5.15731256746792
-0.446085127708882,2.73430323506684,5.33572463724939
-0.493300986352716,2.68969472229595,5.51133153421625
-0.5322034249390311,2.64036462366068,5.68333631739133
-0.5646218550730671,2.5871442811667795,5.850980514876031
-0.59194560148629,2.53068209565947,6.01354755046755
-0.615224960605384,2.47148753551084,6.17036594508776
-0.635253795024432,2.4099650394503,6.320812032142428
-0.6526340665167271,2.34643965994786,6.4643119823829185
-0.667824766500411,2.28117625329619,6.60034299488123
-17.5669219618281,5.75343217591914,8.77853103772431
-7.125061801528809,3.99673997973633,8.924069650003892
-4.5665760433463225,3.28423379958345,9.02353979779314
-3.4002547761452298,2.8275761952488194,9.090329607918429
-2.7494688511717498,2.4875507176342904,9.12950400650706
-2.34295481974206,2.21260383251712,9.144063533283427
-2.06894724228657,1.978308350542909,9.135984726192401
-1.8729492690260696,1.77141362631426,9.10660290404596
-1.72496218820652,1.58411869941165,9.056795913971868
-1.60670476890292,1.411622480591,8.98709139291004
-1.50593739541472,1.25095200370071,8.897745564453
-1.4137363900563502,1.10035826415923,8.788819321700421
-1.32318773015756,0.9589846251535992,8.66027001515271
-1.22889052887685,0.826665852137842,8.512074242576517
-1.1270016190064398,0.703776799250157,8.344392512383651
-1.01563609026152,0.5910766373495141,8.15777597744591
-0.8953715631457719,0.4895130283233621,7.95339434996348
-0.769477290620538,0.399975872008785,7.733233479141999
-0.6434658139760611,0.323028142946731,7.50018372350852
-0.523826803573137,0.258681561549125,7.25794235454409
-0.41632113905175,0.206298881191811,7.01070701212738
-0.324598516516482,0.16466676728663598,6.7627285213133
-0.249736592036518,0.132206915634988,6.517861488257941
-0.190697892771216,0.107233256431336,6.279245251516612
-0.145225536962338,0.0881634671542148,6.04917346998662
-0.110678572793998,0.073640913457981,5.82912781182495
-0.0845697011397301,0.0625730561785812,5.619908892355231
-0.0648079065745661,0.0541160860646082,5.421799561406809
-0.0497471950645229,0.0476352954071516,5.2347187255428205
-0.0381404708666033,0.0426605759006993,5.05834718676062
-0.0290622283593872,0.0388465288140389,4.89222211220613
-0.0218316890219935,0.0359403059781002,4.73580394971318
-0.0159482776927251,0.0337571370759009,4.58852179915844
-0.0110416073364318,0.0321623093066284,4.44980303065903
-0.0068342758448691,0.0310581485729852,4.31909186722816
-0.00311475079247991,0.0303747209884983,4.19586046797536
0.000282253171354136,0.0300632459092503,4.07961503987161
0.00349001391652629,0.0300914712263857,3.96989873418084
0.00662025531690355,0.0304404726180383,3.86629252534862
0.009770982508531879,0.0311024981497287,3.76841487953551
0.013032541192481999,0.0320795964005819,3.67592075232552
0.0164925086673776,0.0333828505198301,3.5885002742976804
0.0202398607880367,0.0350321013865678,3.50587736229819
0.0243687481372565,0.0370560874653715,3.42780841433075
0.028982141691064,0.0394929622790971,3.3540811937660004
0.0341955622938475,0.0423911764482035,3.2845139749806203
0.0401410815057499,0.0458107326775883,3.21895500134969
0.0469717681114773,0.0498248408281633,3.15728229342165
0.0548667502814099,0.05452201763931098,3.09940383702476
0.0640370639180957,0.06000869266745201,3.04525817566098
0.0747324584167798,0.0664123990592616,2.9948154269003098
0.0872493255258241,0.0738856449009396,2.94807873677704
0.101939895521796,0.082610577453522,2.905086177473029
0.119222792207743,0.0928045670057015,2.86591307961435
0.139594929972626,0.104726846226476,2.83067476859697
0.163644534062069,0.11868633922373804,2.7995296412216
0.192064710399448,0.135050792629945,2.77268247072486
0.225666395739774,0.15425726366989,2.75038776088705
0.265388556621281,0.176823903243868,2.73295287939551
0.31230200737354,0.203362758905996,2.7207405846645
0.367600979761298,0.2345929596433501,2.7141704200569903
0.432573404711782,0.27135305761948003,2.71371829288755
0.5085366884317639,0.314610398090658,2.7199134016531605
0.59672087736456,0.3654640669338339,2.7333315580824102
0.6980766160318691,0.42513615467029,2.75458392365014
0.8129838011899442,0.494943816273477,2.78430031213987
0.9408431781007692,0.5762421963924711,2.82310657346079
1.0795547657077902,0.670326514202548,2.87159621954232
1.22493265104531,0.778281990773327,2.93029736936402
1.37018028356106,0.900775255877858,2.99963716431286
1.50564457658139,1.03779328423396,3.07990680824878
1.61914321559999,1.1883577418921,3.1712310131793497
1.6971448841586598,1.3502720634521002,3.27354560157093
1.7268914688423798,1.5199865518679698,3.38658620865691
1.6991573026313898,1.6926756987522098,3.5098895665159
1.6108675194090198,1.86259142901535,3.64280707887272
1.4665414067174098,2.0236781809562503,3.78452873527812
1.27778809487122,2.17033232162799,3.93411420732424
1.06086602502107,2.29811113111511,4.09052739106051
0.8331966218344541,2.40419773361722,4.2526707287633805
0.6101203265055589,2.48751739580066,4.41941627863063
0.402873661405272,2.54852942845122,4.5896315407432
0.218050773764047,2.5888167945917497,4.76219924773843
0.0581957440975482,2.6106218719681498,4.93603140483198
-0.0770656985515385,2.61644144637791,5.11007858986259
-0.189852967930702,2.60873487652275,5.28333581829477
-0.283089010755966,2.58974957972968,5.45484620961434
-0.359866096425002,2.56144067865408,5.62370341112831
-0.4230822426803421,2.52545406901158,5.789053392561129
-0.475272373594955,2.4831458447435497,5.950095920395862
-0.518560765949446,2.43561860738405,6.1060857989554105
-0.554679350179511,2.38376253078911,6.256333830231202
-0.5850157074587929,2.32829459577116,6.40020738101218
-0.610669710062703,2.26979302502528,6.53713043292693
-0.6325078888350589,2.2087260540190097,6.666583009400918
-0.6512107318625551,2.1454752651355,6.78809990851872
-0.667311490328103,2.08035419194925,6.901268712220111
-0.681226741889001,2.01362304291644,7.00572708379565
-0.693279667960621,1.94550036872754,7.10115940377246
-0.703717196570285,1.87617240193148,7.18729282754022
-20.413365450862106,5.80475500292961,11.6491125241285
-8.27041703975057,3.7634184578434,11.5949349621082
-5.44330123246055,2.93637675386834,11.483870609911802
-4.14797218721689,2.39204663062229,11.3362932763358
-3.41103675047718,1.9772494119006,11.1584121263729
-2.93029487511616,1.6361457368528798,10.9527334580533
-2.57625749449006,1.34311624934127,10.719764502524301
-2.2800876449472405,1.08549049989226,10.4587831996486
-1.99949659239759,0.857481735397537,10.168490991278
-1.7088075108294698,0.657532076157778,9.847875309144053
-1.39918799161641,0.486651325074831,9.497446908251359
-1.08153066831294,0.34673252591319004,9.12071222362937
-0.783276646741067,0.238579459081896,8.72517987961159
-0.5340691970645879,0.160251794407789,8.3218317234176
-0.34882573102053,0.10684487470133,7.922731275911139
-0.22337084955237,0.0719623015992774,7.53807731091116
-0.143165686776504,0.0496252166440404,7.17451694706166
-0.0931228223967779,0.0353086479663901,6.83519623849666
-0.0619107332847,0.0259963657267123,6.52073895638844
-0.04216744290741,0.0198052923982423,6.230290811085321
-0.0294053870497579,0.0155885481075013,5.962273494902611
-0.0209464641051619,0.0126480094025255,5.7148380892386
-0.0151901970656721,0.0105533629920093,5.4861091945537614
-0.0111674925022571,0.00903434328544207,5.2743044843342
-0.00828034089883555,0.00791759403521636,5.07778572430419
-0.00615163890078342,0.007089559945332809,4.895073969138871
-0.00453808299844514,0.0064743960552544715,4.72484697034779
-0.00327895636901798,0.00602058775540995,4.5659284361677495
-0.0022654809899628693,0.00569269211850816,4.41727417807663
-0.00142211047340778,0.005466144019511871,4.27795769714922
-0.000694869703491297,0.00532393297217109,4.1471564407809405
-4.39251136767388e-05,0.00525444600182196,4.02413926283831
0.000561262615704199,0.00525005349045429,3.90825525912741
0.0011451862300455,0.00530617975202471,3.79892396948722
0.00172853776821528,0.00542069837502926,3.69562685378123
0.00232982426303256,0.00559355215185079,3.59789991609062
0.00296659010381618,0.00582653457815404,3.50532734483204
0.0036564016314223798,0.00612319358853566,3.41753604297019
0.004417700290010629,0.0064888337516779,3.33419093479204
0.005270600997615921,0.00693060378067896,3.2549909500712504
0.0062376950650519895,0.00745766388044055,3.1796656009595696
0.0073449077284168905,0.00808143338694575,3.1079720807025404
0.008622456670670709,0.008815924159787441,3.03969282594413
0.0101059583687032,0.009678169826854507,2.97463349591314
0.0118377329593682,0.0106887656637248,2.9126213322689
0.0138683652526322,0.0118725389596617,2.85350387299382
0.0162585895127456,0.0132593754849249,2.79714800264135
0.0190815788745384,0.0148852344361994,2.74343932966322
0.0224257371129884,0.0167933923236533,2.69228188960474
0.0263981113921573,0.0190359660349521,2.6435981807837
0.0311285700620165,0.0216757771741679,2.59732954670358
0.036774919925612,0.0247886341803695,2.5534369268404
0.0435291727149841,0.0284661261729307,2.51190200438608
0.0516252101099469,0.0328190434444291,2.47272878561459
0.0613481383727097,0.0379815644554238,2.4359456500332497
0.0730456627029395,0.0441163782926948,2.4016079122124303
0.0871418380147206,0.0514209445629887,2.3698009333491696
0.104153548746169,0.0601351283644608,2.3406438105498304
0.12471000273073,0.0705504832390777,2.31429365074058
0.14957533604394502,0.0830214835121507,2.29095039888825
0.17967402079818498,0.0979790171165452,2.27086213019397
0.21611798854684505,0.115946419196364,2.2543306251170296
0.260232980081256,0.137558218051048,2.24171691597637
0.313579236431533,0.163581516059174,2.23344631739223
0.377957740977338,0.194939439702327,2.23001222822605
0.455387185262731,0.232735213800061,2.2319777299880896
0.548028109920178,0.278273932326334,2.23997373694948
0.658019283190485,0.333076743318352,2.2546922390329303
0.787178971944828,0.3988786716374,2.27687312144129
0.936515502059203,0.477596568831883,2.3072832800614904
1.10549868931545,0.5712481190378029,2.3466874172396497
1.29108580034855,0.681797987969349,2.39581107457089
1.48659792116305,0.810906568004204,2.45529805969825
1.68072203252032,0.959566360120509,2.52566614467102
1.85714652280753,1.12763856337254,2.60726623100941
1.99551091001216,1.31335321565329,2.70025051906026
2.0742444383256,1.5129043066545098,2.80455425056966
2.07525104669398,1.72032875048707,2.91989345579918
1.98929328986159,1.92785385515647,3.04577844631534
1.8198979792325904,2.1267831841426297,3.18154034295849
1.5836101258182498,2.30877298206589,3.32636628939219
1.30596749629336,2.46713399464771,3.4793383462795697
1.01484858426108,2.59773074427705,3.63947127943118
0.7341500981661471,2.6992156027031498,3.8057453794706406
0.480116576011699,2.7726306125197704,3.9771319135203
0.260823809752714,2.82064227012094,4.15261053239795
0.0778174262435085,2.84672465109621,4.331179512291151
-0.0715001150982976,2.85450639372056,4.51186069824225
-0.191733232518362,2.8473563822107297,4.69370129132501
-0.288009163641793,2.8281830589589,4.87577432927005
-0.36513791391244704,2.79938214259472,5.05717914150926
-0.42724187135038105,2.7628683512034704,5.23704247058902
-0.477668246724987,2.72014416406843,5.41452048434091
-0.5190444770099429,2.67237733939593,5.58880159508722
-0.5533899231535611,2.62047289169494,5.75910983364321
-0.582237394659411,2.56513389937958,5.92470845838357
-0.6067432347300961,2.50691015991364,6.08490347674857
-0.62777860037946,2.44623583644063,6.2390467909344505
-0.6460013753573131,2.3834579764026897,6.38653873285937
-0.661910986342705,2.3188578388669603,6.526829814343951
