label,x,y
-0.387196336196291,4.86070775030401,11.5069474930959
-0.9278275798981359,3.4879886960922004,11.4434944362319
-1.30027013637341,2.7772086812716603,11.333144823606501
-1.6076554284807398,2.2835290745383103,11.188503740680597
-1.8859480747586204,1.89738612411135,11.0144773391089
-2.15528060922545,1.57503763793165,10.813045542070801
-2.4286596151855298,1.29559174372498,10.584493036729599
-2.71361475904448,1.04860240975837,10.3280579739908
-3.0108438648940896,0.829432286835203,10.0425479795718
-3.3108963686673,0.637098021799212,9.72718268810693
-3.59066400933131,0.472801855589026,9.38278105145864
-3.81404389879008,0.33836048734584,9.0131111947328
-3.9423461639589306,0.23438898965885996,8.625712647297929
-3.9531204267865,0.15886349201779998,8.23124589409228
-3.8531148242572497,0.107046603326378,7.84119401114872
-3.67244267123639,0.0728984031507234,7.465178220670039
-3.4471203725133104,0.0508039698187115,7.10947463503503
-3.2060530443292303,0.0364947687660443,6.77709186649302
-2.9676184003188504,0.0270974876390122,6.46867187964466
-2.7416524005254197,0.0207970261940752,6.183450853047661
-2.53249592869061,0.0164748417039767,5.91996125855606
-2.3413709288877995,0.0134426694426766,5.676460815773572
-2.16788050757491,0.0112722041247569,5.45116778266966
-2.01086774449043,0.009692203812450707,5.24237886625298
-1.8688806521332402,0.008527444574980959,5.04852140436611
-1.7404128639286798,0.007662453109628179,4.86817055327678
-1.6240213288792,0.00701971540914801,4.700048717803639
-1.5183781278381001,0.00654637219732788,4.54301659053787
-1.42228780555925,0.00620595029690664,4.39606077511167
-1.3346872579720401,0.00597313205112007,4.2582805668776205
-1.2546373385441398,0.00583039244126527,4.1288751654023
-1.18131105203073,0.00576580793851428,4.00713189761387
-1.11398086523296,0.00577161652631596,3.8924156637318097
-1.05200639379945,0.0058432707599195,3.7841596303120695
-0.9948230378327,0.0059788232548876,3.68185710396357
-0.9419317733498392,0.0061785437023086,3.5850544806803195
-0.892890116957764,0.00644470385714265,3.4933451546667795
-0.847304187751478,0.0067814909027417,3.4063642735077204
-0.8048217492669141,0.00719502544837664,3.32378423617961
-0.7651261007569079,0.00769347135022792,3.2453108427613104
-0.7279306874529259,0.00828723251978708,3.1706800177137286
-0.6929743062678321,0.00898923814024231,3.09965504125141
-0.660016792457306,0.00981532307222365,3.0320242351939304
-0.628835081894808,0.0107847152691175,2.96759906064497
-0.599219551728734,0.0119206471723449,2.9062125949504103
-0.5709705488128449,0.0132511136783924,2.84771836475878
-0.543895020344963,0.0148098056922792,2.79198952080105
-0.517803164788673,0.0166372558372514,2.73891834837148
-0.492505023789959,0.0187822419299951,2.6884161155461697
-0.467806938093945,0.0213035047423349,2.64041326898936
-0.443507793418826,0.0242718497843197,2.5948599947535
-0.419394987346952,0.0277727188279438,2.5517271686366
-0.3952400577431671,0.0319093361290207,2.5110077270959503
-0.370793930198471,0.0368065572402094,2.47271849483558
-0.345781771079716,0.0426155752302882,2.4369025080030298
-0.31989748030236104,0.0495196699538181,2.40363187091946
-0.29279793253621,0.0577412199125995,2.3730111771419904
-0.264097188347087,0.0675502309322547,2.3451815091431603
-0.23336106130144896,0.0792746664387625,2.3203250004649196
-0.20010265805671493,0.0933128810621458,2.2986698939099304
-0.163779818716082,0.11014844530670499,2.2804959518095096
-0.123795778481485,0.130367573903999,2.26613996140632
-0.0795048326934719,0.154679183446067,2.25600092222271
-0.0302252602256995,0.18393722390666292,2.25054429883056
0.0247378754492246,0.21916422695055893,2.2503044764263196
0.0860573844892842,0.261573807573694,2.25588428962792
0.154333997958714,0.312587902011958,2.26795025545224
0.23003134810018,0.37384155566340105,2.2872220139626296
0.313398388452397,0.4471639081859961,2.31445458585406
0.40438608859014397,0.534518826311881,2.3504125345449
0.502570290824489,0.637883417290343,2.39583607835306
0.6070968386964499,0.7590400008610941,2.45140062909797
0.716666182425765,0.899261907212601,2.51767292899464
0.829570509093929,1.0588927767482599,2.5950684796077796
0.943786592417053,1.2368595921693,2.6838157361682997
1.0571144204068599,1.43022110292841,2.7839321214789
1.1673400240993101,1.6339177763053998,2.89521522885472
1.27239544982723,1.8409151202845002,3.01725006622616
1.3704910866569495,2.04286629069031,3.1494305934823
1.46020336340213,2.23124158216314,3.2909918101768
1.5405104144761899,2.39864427568092,3.44104759624893
1.61077737650076,2.5398954441826,3.59862937967573
1.6707011184386298,2.6525429968756202,3.76272134539405
1.7202307747713,2.7367061093314904,3.9322891509304703
1.75948328460694,2.7944377079527793,4.106300756118061
1.78867047029948,2.82891345806265,4.283739633792759
1.8080471266929496,2.84370846956101,4.4636118715251
1.8178816642961202,2.8422906266836696,4.644949237583161
1.8184452452447304,2.82774045962621,4.826810202417597
1.8100130930245901,2.80264478277529,5.00828042886167
1.7928719465569198,2.7690980623352996,5.1884736507795095
1.76732912134159,2.72875774354457,5.36653334025007
1.7337203185113301,2.68291844584268,5.54163519359578
1.6924146975665,2.63258574898258,5.712990246256219
1.64381668408398,2.5785408745907,5.879848322462999
1.5883645769241599,2.52139362961131,6.04150149987046
1.5265263522780401,2.46162398742194,6.19728729073649
1.4587932247879698,2.39961390838837,6.34659128821041
1.3856715837212,2.33567130098492,6.48884908476805
1.30767391670595,2.2700479020456,6.62354733121526
0.120858065354396,6.58096270030409,11.4336027281584
-0.6883752085131429,3.88990043252078,11.4109681122635
-1.1055378680768002,3.02498913944466,11.3225647749104
-1.4331749316375602,2.46897910453907,11.1964456161181
-1.72012591697106,2.05009949939323,11.0394428489104
-1.99057768121115,1.70784135699869,10.8545214187784
-2.2596978812471002,1.4147086936213702,10.642622196923599
-2.5371669235114,1.15693133621546,10.4034204041543
-2.82697692781054,0.9278378805892428,10.135890495839
-3.1250045794439703,0.7250603412630648,9.83899232795464
-3.41541798789382,0.54897041064381,9.5126563776404
-3.66875610243113,0.401283787321504,9.1590558719855
-3.8469047598470403,0.283407761200369,8.78375124311829
-3.91807631223047,0.19477220149699398,8.39584868644822
-3.8740799005155497,0.13201802852823402,8.00650877559495
-3.7342533529198,0.0897089832028424,7.62634282474216
-3.53256160084282,0.0620048550055092,7.26326393528204
-3.30155225015935,0.0440159744358037,6.921828536227161
-3.06446234397908,0.0322460214885422,6.603793092378512
-2.8349858738206697,0.0244110598395872,6.30906962459118
-2.61996273939686,0.0190817847136963,6.03654870892569
-2.4220705179690696,0.0153749587238314,5.78464926972525
-2.2417028084829904,0.0127421012716986,5.551639190516349
-2.07810355268004,0.0108377537516169,5.33580571022266
-1.93000352926689,0.00944029550029462,5.135537789193889
-1.79596093265812,0.008404741827400291,4.9493599832463
-1.67453543100977,0.00763443602745585,4.77594080186468
-1.56437124154084,0.00706384600620008,4.61408832810009
-1.46423155976307,0.0066479355244026895,4.46274002412813
-1.37300762775695,0.00635548228363365,4.32095039106072
-1.28971511630472,0.00616480664221811,4.18787836851902
-1.2134846548795402,0.00606100122416252,4.062775392283752
-1.14355014041168,0.00603411446709988,3.9449745095306
-1.0792367019067701,0.0060779541350210785,3.8338806780935903
-1.0199492405516901,0.00618930392311476,3.7289622375598697
-0.965161946308842,0.00636742353061785,3.62974347455537
-0.9144089156890022,0.0066137504824278,3.53579817856364
-0.8672758528632858,0.00693175237824996,3.4467440793795894
-0.82339276721828,0.00732689808123825,3.3622380625560297
-0.7824275512063991,0.0078067297722583,3.2819720693343997
-0.7440803140567671,0.008381027319644309,3.20566959954551
-0.708078349059833,0.0090620636304085,3.13308274826415
-0.6741716188760569,0.0098649555828027,3.0639897188568903
-0.642128651453428,0.0108081204892091,2.99819276617832
-0.611732746989146,0.0119138533096544,2.9355165339935
-0.582778403125667,0.0132090454322431,2.8758067603010296
-0.555067870935866,0.0147260721101357,2.81892933322794
-0.528407758267018,0.0165038829348003,2.7647696886994795
-0.502605599982167,0.0185893383835941,2.71323254927455
-0.4774663171284699,0.021038845886773,2.66424201145698
-0.45278848997411997,0.0239203614336118,2.61774199644652
-0.428360374543097,0.0273158379356582,2.57369708657196
-0.40395560074415604,0.0313242198633011,2.53209377627499
-0.3793285053569171,0.0360651055191538,2.49294217196223
-0.35420907918800704,0.0416832240332879,2.45627817843534
-0.328297550508855,0.0483539037748907,2.42216620956013
-0.30125869441969705,0.0562897417341936,2.39070245526616
-0.272716060495382,0.0657487176452731,2.36201872286916
-0.242246461835771,0.0770440280118374,2.336286843897
-0.20937528189624696,0.0905559355476742,2.31372359250763
-0.17357344460151594,0.106745923741129,2.29459599123081
-0.134257264982509,0.126173387751904,2.27922677612008
-0.0907928416053784,0.149514936745866,2.267999648583
-0.0425071240827778,0.17758605592894394,2.26136374998952
0.0112918132120151,0.21136426490951002,2.25983655982664
0.07128262355130999,0.25201184472557003,2.2640041554963597
0.13808441256425,0.300894462151683,2.2745175229220496
0.21219541666342293,0.35958933330497994,2.29208344682742
0.29391832585784805,0.4298727271438049,2.31744855009177
0.3832779393729169,0.5136716708939191,2.35137542952021
0.47994177653279496,0.612959438687165,2.39461067002814
0.5831588184408111,0.7295709072035881,2.44784583809576
0.691733582700008,0.8649163980240351,2.51167420525663
0.804049976137715,1.01958775655642,2.58654755057717
0.918150860036968,1.19288523049777,2.67273838899583
1.03186666886267,1.3823502406591202,2.77031286616158
1.14297406416469,1.58345470092832,2.8791181717124394
1.24935839190124,1.7896363850438401,2.9987859651212103
1.34915414034332,1.9928298813194096,3.1287506766685897
1.44084430262679,2.18449122024924,3.2682793703591297
1.5233089142950702,2.35689071363129,3.4165085660457404
1.5958222672625801,2.50427874319018,3.57248307288678
1.6580066538975,2.6235470465851,3.73519234801293
1.70975756300955,2.7142278251899503,3.90360100493823
1.75115918979682,2.7779541742182703,4.07667166194026
1.7824078289978502,2.8176725967257297,4.25338000653013
1.8037545165596005,2.8368886551827,4.43272332311545
1.81547029036982,2.8391071709647,4.61372446573153
1.81783113206691,2.827501656648609,4.79543331878666
1.8111166098525602,2.80477128890433,4.976927386115559
1.7956160159158998,2.7731203986246,5.15731256746792
1.7716370813379898,2.73430323506684,5.33572463724939
1.7395140303863401,2.68969472229595,5.51133153421625
1.6996131964594998,2.64036462366068,5.68333631739133
1.65233547425679,2.5871442811667795,5.8509805148760305
1.59811555420269,2.53068209565947,6.01354755046755
1.53741827224089,2.47148753551084,6.1703659450877595
1.4707326055271999,2.4099650394502996,6.320812032142428
1.39856392311349,2.34643965994786,6.464311982382919
1.3214251073268999,2.28117625329619,6.60034299488123
1.69897332408135,5.75343217591914,8.77853103772431
1.1651648209923402,3.99673997973633,8.924069650003892
0.8104993051770278,3.28423379958345,9.02353979779314
0.517815488657846,2.8275761952488194,9.090329607918429
0.260674893543905,2.4875507176342904,9.12950400650706
0.026712087586808,2.2126038325171202,9.144063533283427
-0.19148955416116398,1.978308350542909,9.135984726192401
-0.399068695107098,1.7714136263142601,9.10660290404596
-0.5999114850228621,1.58411869941165,9.056795913971868
-0.797069214281802,1.411622480591,8.98709139291004
-0.992876215075994,1.25095200370071,8.897745564453
-1.18886974302233,1.10035826415923,8.788819321700421
-1.3855460356605198,0.9589846251535992,8.66027001515271
-1.5819780869976598,0.826665852137842,8.512074242576517
-1.77535944721005,0.703776799250157,8.344392512383651
-1.9606271189253601,0.5910766373495141,8.15777597744591
-2.1304354549114097,0.4895130283233621,7.95339434996348
-2.27581742275272,0.399975872008785,7.733233479141999
-2.38772548685129,0.323028142946731,7.5001837235085205
-2.45919264215723,0.258681561549125,7.25794235454409
-2.4872935253039,0.206298881191811,7.01070701212738
-2.4739368375594304,0.16466676728663598,6.7627285213133
-2.4251032924739397,0.13220691563498801,6.517861488257941
-2.34903712244035,0.107233256431336,6.279245251516612
-2.2543308666107,0.0881634671542148,6.04917346998662
-2.1485855860033403,0.073640913457981,5.82912781182495
-2.03780665838348,0.0625730561785812,5.619908892355231
-1.92634958624329,0.0541160860646082,5.421799561406809
-1.81715175484155,0.0476352954071516,5.2347187255428205
-1.71205286990246,0.0426605759006993,5.05834718676062
-1.61209849882225,0.0388465288140389,4.89222211220613
-1.51778672141833,0.0359403059781002,4.73580394971318
-1.4292526409086401,0.0337571370759009,4.58852179915844
-1.3463995954516599,0.0321623093066284,4.44980303065903
-1.2689893302727,0.0310581485729852,4.31909186722816
-1.19670236893253,0.0303747209884983,4.19586046797536
-1.12917748380495,0.0300632459092503,4.07961503987161
-1.0660368226253498,0.0300914712263857,3.96989873418084
-1.00690132908545,0.0304404726180383,3.8662925253486202
-0.9513996581236208,0.0311024981497287,3.76841487953551
-0.8991727593986879,0.0320795964005819,3.6759207523255197
-0.8498755876944759,0.0333828505198301,3.5885002742976804
-0.8031769093299441,0.0350321013865678,3.50587736229819
-0.758757841295763,0.0370560874653715,3.42780841433075
-0.71630953572236,0.0394929622790971,3.3540811937660004
-0.675530272229919,0.0423911764482035,3.2845139749806203
-0.636122121577419,0.0458107326775883,3.21895500134969
-0.5977872805889161,0.0498248408281633,3.15728229342165
-0.5602241410039139,0.054522017639310985,3.09940383702476
-0.523123138176195,0.06000869266745201,3.0452581756609796
-0.4861624270185471,0.0664123990592616,2.9948154269003098
-0.4490034523122621,0.0738856449009396,2.9480787367770396
-0.41128652060577797,0.082610577453522,2.905086177473029
-0.3726265453348979,0.0928045670057015,2.86591307961435
-0.332609230805132,0.104726846226476,2.8306747685969706
-0.290788090191321,0.11868633922373804,2.7995296412216
-0.24668286272950998,0.135050792629945,2.7726824707248596
-0.19978010709793306,0.15425726366989,2.75038776088705
-0.149536994478925,0.176823903243868,2.73295287939551
-0.0953895831374544,0.203362758905996,2.7207405846644996
-0.0367670780855508,0.2345929596433501,2.7141704200569903
0.0268863209002579,0.27135305761948003,2.71371829288755
0.0960805329071706,0.314610398090658,2.7199134016531605
0.171238800670267,0.3654640669338339,2.7333315580824102
0.252647308209067,0.42513615467029,2.75458392365014
0.340397465522948,0.49494381627347706,2.78430031213987
0.43432573418208203,0.5762421963924711,2.82310657346079
0.533958791852731,0.670326514202548,2.8715962195423197
0.6384742544182839,0.778281990773327,2.93029736936402
0.74668794453403,0.900775255877858,2.9996371643128596
0.8570767134910581,1.03779328423396,3.0799068082487797
0.9678406688322352,1.1883577418921,3.1712310131793497
1.07700116389322,1.3502720634521002,3.27354560157093
1.18252315962013,1.5199865518679698,3.38658620865691
1.2824451135458799,1.6926756987522098,3.5098895665159
1.37499810916955,1.86259142901535,3.64280707887272
1.4586986059182598,2.0236781809562503,3.78452873527812
1.53240471061732,2.17033232162799,3.93411420732424
1.5953326532079801,2.29811113111511,4.09052739106051
1.64703694575819,2.4041977336172202,4.2526707287633805
1.68736344399928,2.4875173958006602,4.41941627863063
1.71638797873385,2.54852942845122,4.5896315407432
1.7343533830056201,2.5888167945917497,4.76219924773843
1.741614733165,2.6106218719681498,4.93603140483198
1.73859790214615,2.61644144637791,5.11007858986259
1.7257720153698,2.60873487652275,5.28333581829477
1.70363340617384,2.58974957972968,5.45484620961434
1.6726974565522301,2.56144067865408,5.62370341112831
1.63349482539524,2.52545406901158,5.789053392561129
1.5865693566586399,2.4831458447435497,5.950095920395862
1.53247591103486,2.43561860738405,6.1060857989554105
1.4717771954946899,2.38376253078911,6.256333830231202
1.4050392768490299,2.32829459577116,6.40020738101218
1.33282586142796,2.26979302502528,6.53713043292693
1.25569164661624,2.2087260540190097,6.666583009400918
1.17417515149392,2.1454752651355,6.78809990851872
1.08879145629417,2.08035419194925,6.901268712220111
1.00002525664361,2.01362304291644,7.00572708379565
0.9083245923178319,1.94550036872754,7.10115940377246
0.8140955583660309,1.8761724019314798,7.18729282754022
-0.240431876441345,5.80475500292961,11.6491125241285
-0.9224163758760899,3.7634184578434,11.5949349621082
-1.32444650661426,2.93637675386834,11.483870609911802
-1.64409426689769,2.39204663062229,11.3362932763358
-1.9277429274306104,1.9772494119006,11.1584121263729
-2.19927281493116,1.6361457368528798,10.9527334580533
-2.4737400916079504,1.34311624934127,10.719764502524301
-2.76020093213398,1.0854904998922599,10.4587831996486
-3.06071707053025,0.857481735397537,10.168490991278
-3.36696122354946,0.657532076157778,9.847875309144053
-3.65614855341035,0.486651325074831,9.497446908251359
-3.8908170325301,0.34673252591319004,9.12071222362937
-4.02898297009558,0.238579459081896,8.72517987961159
-4.04457050538114,0.160251794407789,8.3218317234176
-3.9429359126966297,0.10684487470133001,7.922731275911139
-3.75565423279751,0.0719623015992774,7.53807731091116
-3.52132311554992,0.0496252166440404,7.17451694706166
-3.27088235776579,0.0353086479663901,6.83519623849666
-3.0237823551415897,0.0259963657267123,6.52073895638844
-2.79024290640867,0.0198052923982423,6.230290811085321
-2.5746363154537,0.0155885481075013,5.962273494902611
-2.3780745493924997,0.0126480094025255,5.7148380892386
-2.2000122815292795,0.0105533629920093,5.4861091945537614
-2.03914833822466,0.00903434328544207,5.2743044843342
-1.89390506090166,0.00791759403521636,5.07778572430419
-1.76267157042868,0.007089559945332809,4.8950739691388705
-1.6439196675751695,0.0064743960552544715,4.72484697034779
-1.5362526264016598,0.00602058775540995,4.5659284361677495
-1.43841949460225,0.00569269211850816,4.41727417807663
-1.3493123465738601,0.005466144019511871,4.27795769714922
-1.26795573349343,0.00532393297217109,4.1471564407809405
-1.19349316058558,0.00525444600182196,4.02413926283831
-1.12517304950282,0.00525005349045429,3.9082552591274102
-1.06233537221135,0.00530617975202471,3.79892396948722
-1.0043994664181402,0.00542069837502926,3.69562685378123
-0.9508531889466719,0.00559355215185079,3.59789991609062
-0.9012433848784359,0.00582653457815404,3.50532734483204
-0.8551675661520259,0.00612319358853566,3.41753604297019
-0.8122666594704642,0.0064888337516779,3.33419093479204
-0.772218675522093,0.00693060378067896,3.2549909500712504
-0.7347331563382641,0.00745766388044055,3.1796656009595696
-0.6995462678282071,0.00808143338694575,3.1079720807025404
-0.6664164162575279,0.008815924159787441,3.03969282594413
-0.6351202786581129,0.009678169826854507,2.97463349591314
-0.605449146904974,0.0106887656637248,2.9126213322688996
-0.577205493084641,0.0118725389596617,2.85350387299382
-0.550199669762332,0.0132593754849249,2.79714800264135
-0.524246662999686,0.0148852344361994,2.7434393296632202
-0.4991628188261379,0.0167933923236533,2.69228188960474
-0.474762465863448,0.0190359660349521,2.6435981807837
-0.450854358744905,0.0216757771741679,2.59732954670358
-0.42723787004007396,0.0247886341803695,2.5534369268404
-0.403698864335463,0.0284661261729307,2.51190200438608
-0.380005199485363,0.0328190434444291,2.47272878561459
-0.355901820533188,0.0379815644554238,2.4359456500332497
-0.331105446665927,0.0441163782926948,2.4016079122124303
-0.30529890808021004,0.0514209445629887,2.3698009333491696
-0.27812527754162897,0.0601351283644608,2.3406438105498304
-0.24918207309905,0.0705504832390777,2.31429365074058
-0.21801599848237,0.0830214835121507,2.29095039888825
-0.18411895120331,0.0979790171165452,2.27086213019397
-0.14692637643639006,0.115946419196364,2.2543306251170296
-0.105819476083539,0.137558218051048,2.24171691597637
-0.0601332685415235,0.163581516059174,2.23344631739223
-0.00917295767231652,0.194939439702327,2.23001222822605
0.0477586461577437,0.232735213800061,2.2319777299880896
0.11132006230603997,0.27827393232633396,2.23997373694948
0.18207479118671305,0.33307674331835196,2.2546922390329303
0.260420179081922,0.39887867163740004,2.27687312144129
0.34650558062449394,0.477596568831883,2.3072832800614904
0.440148735764215,0.5712481190378029,2.3466874172396497
0.540764352252055,0.681797987969349,2.39581107457089
0.6473222466745571,0.810906568004204,2.45529805969825
0.7583515979114929,0.959566360120509,2.52566614467102
0.8720012111255891,1.12763856337254,2.60726623100941
0.986153818607782,1.31335321565329,2.70025051906026
1.09857900636955,1.5129043066545098,2.80455425056966
1.20709961101048,1.7203287504870701,2.9198934557991802
1.3097441681197,1.92785385515647,3.0457784463153397
1.40486312344564,2.1267831841426297,3.18154034295849
1.49119566788753,2.30877298206589,3.32636628939219
1.5678836851592601,2.46713399464771,3.4793383462795697
1.6344380335496005,2.59773074427705,3.6394712794311803
1.69067010076816,2.6992156027031498,3.8057453794706406
1.73660699127,2.7726306125197704,3.9771319135203
1.77240938720436,2.82064227012094,4.15261053239795
1.7983062414056998,2.84672465109621,4.331179512291151
1.8145524161632496,2.85450639372056,4.51186069824225
1.8214080081311501,2.8473563822107297,4.69370129132501
1.81913383624762,2.8281830589589,4.87577432927005
1.8079965388144,2.79938214259472,5.05717914150926
1.78827771217599,2.7628683512034704,5.23704247058902
1.76028322403211,2.72014416406843,5.41452048434091
1.72435044528308,2.67237733939593,5.58880159508722
1.68085235812784,2.62047289169494,5.75910983364321
1.6301982966683,2.56513389937958,5.92470845838357
1.57283155040541,2.50691015991364,6.08490347674857
1.5092243141953798,2.44623583644063,6.2390467909344505
1.439870581717,2.3834579764026897,6.38653873285937
1.3652776080301101,2.3188578388669603,6.526829814343951
