label,x,y
3.20593379532575,0.35730070503580397,0.21669793236700896
3.33646749298922,0.6778940845683791,0.211521958418988
1.95247191357779,1.0115408338673,0.203074783826809
0.0841566128058338,1.20678802522508,0.19198313953134696
-0.132307860482127,1.21520368650566,0.17987318097269395
-0.10400718498222901,1.20197290045745,0.167787298037878
-0.109386762787166,1.19157218195923,0.15581957262579502
-0.110568542152735,1.18063350568051,0.14395854418759602
-0.112253106339182,1.16957665146524,0.132207493401867
-0.113984153141216,1.1583513408313202,0.12056785344038401
-0.115802713141061,1.1469529255172,0.10904133210864199
-0.11771422819051801,1.13537265420309,0.0976297042100403
-0.11972680104232,1.12360123138404,0.0863348347821047
-0.12184947095191,1.11162855127981,0.0751586858687854
-0.12409241720236,1.0994436041846198,0.0641033250914633
-0.12646714493184802,1.08703436246438,0.0531709352582183
-0.12898670845202,1.0743876479712,0.0423638252060404
-0.13166598085983194,1.0614889771259899,0.0316844420805545
-0.134521981374017,1.04832237904001,0.0211353852997244
-0.13757427511973902,1.03487018090261,0.0107194225000113
-0.140845464459823,1.0211127533906401,0.00043950782854511
-0.144361796834745,1.00702820694465,-0.00970119697313134
-0.14815392199988,0.9925920272611792,-0.0196992981441605
-0.15225784235803194,0.9777766350611908,-0.0295511414557724
-0.156716114964156,0.9625508508253879,-0.0392527788852053
-0.161579384460089,0.9468792393289721,-0.0487999293359771
-0.16690835523865302,0.9307213008829641,-0.0581879320370367
-0.172776352360046,0.914030465359098,-0.0674116908682471
-0.17927267992479998,0.8967528301230941,-0.07646560734565801
-0.186507071584922,0.878825562130614,-0.0853434993069266
-0.194615654347609,0.860174854972122,-0.0940385013924402
-0.20376903531248602,0.840713289537361,-0.102542942114988
-0.214183405747457,0.8203363860061121,-0.110848190492705
-0.226135993272077,0.798918045431367,-0.11894446264989199
-0.23998687144920397,0.776304446104159,-0.12682057510757
-0.25621020707204,0.7523057589592379,-0.13446362613288698
-0.27543974137938104,0.7266847382520341,-0.141858578618943
-0.298536090976104,0.699140764114096,-0.14898770613077406
-0.326688049462288,0.669287155016486,-0.155829845726427
-0.3615677194953461,0.6366183500702571,-0.162359373251861
-0.40557209508098796,0.600461578120722,-0.168544772892816
-0.46220494873637796,0.559904368612624,-0.174346602626482
-0.536686993214005,0.513683873738986,-0.17971454383823998
-0.6369319195251129,0.460015174417585,-0.18458303907902301
-0.775076424428408,0.396321982465074,-0.188864724863436
-0.96970664183809,0.318814340022233,-0.19244040647587304
-1.2483512175284999,0.22184367583842396,-0.19514369655517605
-1.6470607783542701,0.0970085540855737,-0.19673795770479602
-2.19346935877717,-0.0676975237498538,-0.196884512856475
-2.8290865915305097,-0.287044459627571,-0.19511080293958802
-3.1909441842985697,-0.569953118780622,-0.190825815047547
-2.45643962839709,-0.8890475372104789,-0.183530811767591
-0.64661467601849,-1.13469150005019,-0.17341211658128794
0.135425589162149,-1.19935296765204,-0.161741894242777
0.10721436041711399,-1.18581040873582,-0.14981607736083802
0.11159734209114501,-1.17508897269411,-0.13801158045368805
0.11310877108496198,-1.163929238485,-0.126316489397792
0.11489134568847001,-1.1526183613765,-0.114733751398485
0.11675574920385001,-1.1411292268076498,-0.103265013457564
0.11871722314753196,-1.12945365188727,-0.0919120990640895
0.12078418774272,-1.11758192957251,-0.0806769211567906
0.122966235703422,-1.10550351079824,-0.0695614939549368
0.12527419031710602,-1.0932068872279,-0.0585679419648061
0.127720308333769,-1.08067946819619,-0.0476985101876856
0.130318525372166,-1.0679074373628101,-0.0369555756598906
0.133084753062078,-1.0548755848256,-0.0263416605489486
0.136037240875388,-1.04156710951939,-0.0158594470772237
0.139197019419419,-1.02796338543185,-0.00551179460246748
0.142588447034182,-1.01404368348991,0.0046982407421413104
0.146239888355436,-0.999784838786489,0.0147673833535233
0.150184562765547,-0.985160849950946,0.0246921117972105
0.154461613340833,-0.970142393674391,0.0344686280153372
0.159117464452258,-0.954696232340307,0.0440928211454106
0.16420756069224401,-0.938784485895082,0.0535602247365876
0.16979861441265098,-0.922363729825857,0.0628659658151923
0.175971538568104,-0.9053838683845921,0.0720047038062445
0.18282531291308604,-0.887786714527782,0.0809705567208064
0.19048213591002397,-0.869504183236473,0.0897570112096277
0.19909436914736398,-0.850455969645471,0.0983568119740374
0.208854012809874,-0.8305465327307341,0.10676182448591802
0.22000580335281,-0.809661131449747,0.114962862806821
0.232865568840667,-0.7876605511144659,0.12294947121964199
0.247846330186109,-0.764373994230399,0.130709643946366
0.265495992780605,-0.7395893612117891,0.138229460723577
0.286552662231649,-0.713039761933728,0.145492606339305
0.312027201552554,-0.6843844957105629,0.152479727627526
0.34332858443507797,-0.653181775555308,0.15916755898385598
0.38245751467567496,-0.6188489171118,0.165527712447191
0.43231033651193296,-0.580603165644233,0.17152497286097101
0.497162420643087,-0.537372131993039,0.17711484934915805
0.583442268383913,-0.4876558899287311,0.18223998945876602
0.7009620299441761,-0.429311663090339,0.186824827223862
0.8647952118965179,-0.35921546009592203,0.190767462839793
1.09777718019804,-0.27273593890627,0.193927219834804
1.4322875626016998,-0.162958220886466,0.19610569063376798
1.9044520076227096,-0.019729464626296003,0.197019129061332
2.5151100443192997,0.17071573613597502,0.19626419770378306
3.08950848942823,0.422226740567905,0.193299485320264
3.00957443208735,0.7311775895107271,0.18753246366987106
1.56248823560056,1.03213503271946,0.17871590055872
8.58216750333061,0.677280004283046,0.7360147137408308
0.300104453476725,1.53549675461611,0.724950829946335
-0.476401476458219,1.56550719996378,0.709445810173436
0.34303006722492,1.51786705231796,0.694028938912027
-0.50443763074513,1.55217005904045,0.678678753355235
0.35096065784006203,1.50172629596594,0.663409271580203
-0.4941013686194529,1.53682236174994,0.648216528291624
0.319849110527608,1.487412224888,0.633095355358434
-0.446833413731262,1.51939713594076,0.61806130855429
0.256022819700853,1.47471379456763,0.6030907539017479
-0.37390358684827096,1.50031607653772,0.588215604546222
0.174136689910346,1.4629257178528898,0.5733993955742691
-0.292113644286783,1.48033938684392,0.5586830700507839
0.0915322783961325,1.4511280224152499,0.544025733004489
-0.21749191813072197,1.4602812502548603,0.529468686641138
0.0219812792694551,1.43853205844179,0.514974620097655
-0.16021178021999302,1.44073018636873,0.5005783088736021
-0.0280198504710411,1.42470900834673,0.48625111290002504
-0.12292781085918199,1.42190702329963,0.47201803274179294
-0.0590844426126769,1.40961424221371,0.45786042641422703
-0.102535148669263,1.40370579795244,0.44379382621339597
-0.0760093940720097,1.39345228308552,0.429808035808206
-0.0935264886121667,1.38585134367832,0.415911517674387
-0.08440351958163403,1.3764986948171,0.40209976748191
-0.0908210296985229,1.3680583428589401,0.38837698229353
-0.08859322326982001,1.3589762398890801,0.374741809379789
-0.0910278459834546,1.3501169175621,0.361196343592534
-0.0911162298022628,1.3410141329637602,0.347740688339904
-0.0923889107942988,1.33190250998353,0.334376105125168
-0.0931531365175936,1.3226636189041001,0.32110327448073
-0.0941840914955783,1.31334830525234,0.307923214859947
-0.0951483273254272,1.30392989610278,0.294836823853172
-0.0961849448790869,1.29441506337024,0.281845099055807
-0.0972428710665524,1.28479656888233,0.26894904089454397
-0.0983434415666479,1.2750722817756799,0.25614969664125403
-0.0994824226402399,1.2652379376190102,0.24344814554428
-0.10066435260718196,1.25528969535499,0.23084550737941
-0.101891331548529,1.2452232600942699,0.21834294260216397
-0.103166463860561,1.23503412693942,0.20594165566699602
-0.10449292543332901,1.22471748055336,0.193642897629532
-0.10587424449515401,1.2142681880100301,0.18144796928671492
-0.107314280582559,1.20368076356051,0.169358224528862
-0.108817279988735,1.19294933550226,0.157375074033548
-0.110387923153321,1.1820676075033798,0.14549998931851998
-0.11203138271836599,1.1710288151880501,0.13373450720506302
-0.113753390574474,1.1598256769162099,0.122080234744542
-0.11556031624813,1.14845033785877,0.110538854670667
-0.11745925882135302,1.13689430623395,0.0991121314502032
-0.11945815518130301,1.12514838035182,0.0878019180172744
-0.12156590805841601,1.1132025648336898,0.0766101632913468
-0.123792538166585,1.10104597402784,0.0655389205970392
-0.126149365854542,1.08866672021119,0.054590357125844015
-0.128649229092164,1.07605178362573,0.0437667646066594
-0.131306746453958,1.06318686071652,0.0330705713849482
-0.134138636168038,1.05005618607112,0.02250435615101
-0.13716410547057198,1.03664232245432,0.0120708636083828
-0.14040532871888595,1.02292591190726,0.00177302243657495
-0.143888038357623,1.00888537903537,-0.0083860340181382
-0.147642260449207,0.9944965751996079,-0.0184029437893131
-0.15170323685528198,0.9797323491546872,-0.0282740884110846
-0.15611259041928102,0.964562025469159,-0.0379955602842038
-0.160919809300233,0.948950766427231,-0.0475631242436858
-0.166184154374319,0.9328587854972079,-0.056972172003308
-0.17197713297772302,0.9162403700597759,-0.0662176677810929
-0.17838573868087698,0.899042656762004,-0.0752940829152018
-0.185516738615322,0.8812040828939159,-0.0841953166134814
-0.19350241004837693,0.862652409032384,-0.0929145990731129
-0.20250830668918696,0.843302168027546,-0.10144437195841301
-0.21274390483331,0.823051337358627,-0.10977613948534301
-0.224477391840224,0.8017769468752959,-0.117900280906513
-0.23805649944959198,0.779329207691274,-0.12580581167934599
-0.25393829265042106,0.755523557746315,-0.133480075506534
-0.272732437044984,0.7301297284812729,-0.140908341937672
-0.295265083751868,0.7028564847767739,-0.148073273003962
-0.322674813487808,0.673329976401587,-0.154954205309854
-0.35655923516240395,0.641062495052807,-0.161526167667126
-0.399202795303751,0.6054065715365661,-0.167758513000073
-0.453936251975506,0.565486292006191,-0.173612977317786
-0.525710447462802,0.520092666808641,-0.17904087211186104
-0.622014776825282,0.46752162206236103,-0.183978943556216
-0.754323657974203,0.405320144379832,-0.188343152388427
-0.9402338238549072,0.32988777858241203,-0.19201919200323805
-1.2060035789424,0.235864396196921,-0.19484795287713397
-1.58692707212127,0.115264038302681,-0.196603595049632
-2.1141169199645797,-0.0434286689094458,-0.196962771896599
-2.74901462751023,-0.254840360905903,-0.19547142674752202
-3.1857594345702602,-0.529741823656926,-0.191548515824708
-2.6393548300116803,-0.848317767113952,-0.184658217870853
-0.869475772551727,-1.11225325011512,-0.17485536278470798
0.118182561346423,-1.19920082737029,-0.16329809239728102
0.10861906610730099,-1.1873825712356498,-0.151365175404251
0.11127763431223599,-1.17652066462492,-0.139545659224948
0.11288751725032,-1.1653929011937,-0.127836091395855
0.114654753996574,-1.15410414946866,-0.11623860614254301
0.11650714261196,-1.14263867406901,-0.104754892024855
0.118455503616009,-1.13098795980781,-0.093386758855471
0.120508184247583,-1.11914240944621,-0.0821361070092009
0.12267463065085901,-1.10709159102145,-0.0710049370068625
0.12496549493058096,-1.09482412795637,-0.0599953584119735
0.127392833864941,-1.08232757846331,-0.0491095998798751
3.592535025026589,0.0100185705081634,0.3559143141937729
4.60323675925091,0.369272073010822,0.354017860976178
4.34238124454113,0.829595748935913,0.348023521866444
0.859371351559978,1.26383387339003,0.33755637375481395
-0.452957150007166,1.3497710085460202,0.324488349345134
0.0611956965276272,1.30447529354531,0.311217117834677
-0.15378253580238,1.3105948631980702,0.29814176705096
-0.0742753261595336,1.2952166096178301,0.285112709686881
-0.104293982681369,1.2877890770018798,0.27219768125378196
-0.0957518437490129,1.27735967873374,0.25937193747510395
-0.0998612634807045,1.26778449435884,0.246646216609641
-0.10018367979714399,1.25779836801077,0.234018302297793
-0.101619964333998,1.2477800000310602,0.221490410457584
-0.10283051832528099,1.2376180035976598,0.209063420439441
-0.104154720179488,1.22733495176513,0.196738655662627
-0.105519778087366,1.2169194797471798,0.184517383505065
-0.106944937026557,1.20636750193844,0.172400948596637
-0.1084315682656,1.19567300823579,0.16039074604576598
-0.10998466849255499,1.18482985140923,0.14848823174754094
-0.111609223413511,1.17383138455997,0.13669492556769502
-0.11331082290130601,1.1626704622186201,0.125012416333802
-0.11509566686500695,1.15133937992849,0.113442367123066
-0.116970660681952,1.13982981324199,0.101986521157214
-0.118943518450972,1.12813274717379,0.0906467083551351
-0.121022885697079,1.1162383953286998,0.0794248526426226
-0.12321848496211305,1.10413610675899,0.0683229801321842
-0.12554128942252302,1.0918142582627801,0.0573432283070754
-0.128003730964343,1.07926012932052,0.0464878563691589
-0.130619950866309,1.06645975622409,0.0357592569414358
-0.133406103488547,1.05339776113746,0.025159969354628
-0.13638072632012102,1.0400571507886,0.0146926947949977
-0.139565193657574,1.02641907815659,0.0043603136502717394
-0.142984276422871,1.01246255879084,-0.0058340945344654
-0.14666683768421102,0.998164131148548,-0.0158872279841623
-0.15064670303136998,0.983497447380127,-0.0257955358768057
-0.154963758107629,0.96843277707699,-0.0355551869990913
-0.15966534380938094,0.952936401266227,-0.0451620328908074
-0.16480804513336705,0.936969866885289,-0.0546115642315649
-0.17046000565255806,0.920489062371952,-0.0638988588778512
-0.17670395105873102,0.9034430618066959,-0.0730185194987444
-0.18364117962097493,0.885772666700823,-0.081964598141282
-0.19139688633932106,0.867408548738726,-0.0907305042184798
-0.20012734909363,0.8482688601047941,-0.0993088912626974
-0.210029747825355,0.828256125195431,-0.107691516189198
-0.22135575771631505,0.8072531504128951,-0.11586906256724
-0.234430629309576,0.7851175746412641,-0.123830916192511
-0.24968036615139605,0.761674511710306,-0.131564876624269
-0.267671040533904,0.736706475095167,-0.13905678155829598
-0.289166599936753,0.709939371041776,-0.146290010788981
-0.315215306996996,0.6810227110481011,-0.15324482119942998
-0.347281242631187,0.649501180348401,-0.15989744065641298
-0.387447806187908,0.614773056085283,-0.16621881183858098
-0.4387376692253421,0.5760282754664922,-0.17217281849634
-0.5056222789615851,0.532154508543958,-0.17771373241639202
-0.594837859250153,0.481592280647799,-0.18278246636235104
-0.7166794747365351,0.422108494722784,-0.18730097023920397
-0.886959013611968,0.35044054724913,-0.19116371544906305
-1.1295382400278502,0.261744645887934,-0.194224641414749
-1.4777839034508602,0.148790821885149,-0.19627731875361398
-1.9668885818663897,0.00101243154006259,-0.19702633502074
-2.58781055144827,-0.195676426646577,-0.196053015045208
-3.1300156206718,-0.45445748179140394,-0.192802345503018
-2.9183634438632,-0.7674590438585842,-0.186692762874768
-1.3444329574746299,-1.0592953882448999,-0.17755899071425
0.0282395300255869,-1.19373868399237,-0.166293820353064
0.11673882913719802,-1.19091473098981,-0.15437055327815302
0.11020912021529701,-1.17924084807609,-0.142519775382824
0.11248859065626401,-1.1682199360545602,-0.13078247146217
0.11420038814763499,-1.1569710769889299,-0.119156516396953
0.11603062336850806,-1.14555103817417,-0.107643905821137
0.117954009214749,-1.13394797583732,-0.09624641075108
0.11997949938101404,-1.12215257491584,-0.0849659079973142
0.12211626318075999,-1.11015462497774,-0.0738043719978463
0.12437463090715199,-1.09794299865967,-0.0627638838796592
0.12676628377730806,-1.0855055355689498,-0.0518466412085162
0.12930448237095699,-1.0728289071912198,-0.0410549689947153
0.13200434261027802,-1.05989845895412,-0.0303913321639886
0.13488317106471198,-1.0466980246931,-0.0198583497457525
0.137960874772718,-1.03320970758663,-0.00945881108435383
0.141260465304431,-1.01941362010935,0.0008043055541260662
0.14480868286953302,-1.0052875735789102,0.0109278115225674
0.148636774502714,-0.990806705291958,0.0209082829169217
0.15278147159215302,-0.9759430278416859,0.03074203158259
0.15728622749661805,-0.9606648806824708,0.0404250711252107
0.162202797539613,-0.9449362579328092,0.0499530768182871
0.167593273959822,-0.928715978178848,0.0593213379988454
0.17353273145204506,-0.911956650782866,0.06852470114365401
0.18011270083101702,-0.894603377637661,0.0775575012857566
0.187445778408762,-0.87659210755456,0.0864134787117177
0.19567181135881195,-0.8578475297136829,0.095085676898059
0.20496629740479602,-0.838280348577802,0.103566316289516
0.21555193691445604,-0.817783718837323,0.111846636626592
0.227714735607894,-0.796228525145877,0.119916697846508
0.24182677286936605,-0.773457051585088,0.12776512573016302
0.258378884083778,-0.7492743742981508,0.135378782859579
0.278028324702334,-0.7234364858897729,0.142742337160519
0.301669446324086,-0.6956336534195401,0.149837687857065
0.330540302480292,-0.665466708787131,0.156643189668099
0.36638624459785296,-0.6324126785391021,0.16313258660473
0.4117151839143911,-0.595774054079317,0.169273520267822
10.0298820788784,0.23995458300156305,0.9276087313632232
6.9443159260122895,1.2429427908894,0.920194244493768
-8.73842144645423,1.9373743834906296,0.9042926586218679
8.42811474887942,1.0635322388452,0.8892881255101891
-7.99424035818508,1.9063437137331496,0.874438745747297
7.762533972379991,1.10691967791464,0.8593724287890581
-7.53978199330621,1.8831730751526397,0.844421965023722
7.25820081285504,1.12919487582202,0.8293601252688481
-6.949745313891901,1.85501495710752,0.814439076104201
6.656908756871911,1.16004042571833,0.7993637991900719
-6.35554834197691,1.82573130140552,0.7844349405544521
6.041112918417518,1.19017646720783,0.7693554017113859
-5.73022010381806,1.79428775904958,0.7544330805800981
5.39275333685004,1.22126574866778,0.739355313041512
-5.07641932353504,1.76054108235278,0.7244462788864091
4.71430024722954,1.2528991499992799,0.709379077724649
-4.3971969901839705,1.7243291747222298,0.694492936101041
4.01021340609958,1.2846094757038302,0.679448242848911
-3.70015761549515,1.68563081631379,0.664597041388823
3.29088139681422,1.31561505476428,0.6495908120334319
-2.9997707105245697,1.6447031944457,0.6347892207873821
2.57533255745033,1.34472612339324,0.6198420741981879
-2.3193190904412497,1.60225937913827,0.60510714668553
1.89287593591777,1.37032747009415,0.5902442124393679
-1.6906926245578602,1.55961506368593,0.5755944997704681
1.28097672498731,1.39054580123014,0.5608436954458871
-1.14959104272279,1.51864347372887,0.546297749071092
0.776738477915802,1.4036843694565901,0.531686109855165
-0.725281341272793,1.4813582172481699,0.517260896921641
0.403369655331117,1.40883008312089,0.502809955419796
-0.42882406311669796,1.4491670486539998,0.488519969760921
0.15964314933685195,1.4062846423423303,0.47424271130594
-0.24788287598313,1.42224895727602,0.460100043307848
0.0212311714416652,1.3974606696777099,0.446001495173079
-0.153069295090701,1.3995837868218701,0.432016272890581
-0.0467152665074294,1.3842768573128,0.418096969669908
-0.11126604362443301,1.3796053306620601,0.404277558730034
-0.0756884356136683,1.3684787262996199,0.390537138445225
-0.0964255564341193,1.36090988273825,0.376890195400036
-0.0868512085226969,1.35126732709484,0.3633293093508701
-0.0929275300734939,1.34258220624257,0.3498600616841829
-0.091349291621956,1.33328945323522,0.336480703386795
-0.0933932508212632,1.3241545240730201,0.323193483500253
-0.093870728334704,1.3148151989908998,0.30999863488493395
-0.0950509679314149,1.3054281261574299,0.296897418259192
-0.0959983296368222,1.29592302936428,0.283890662481584
-0.0970802376979446,1.2863231964006,0.270979431352759
-0.0981648722581296,1.27661517263081,0.258164739507602
-0.099300388883839,1.26679868540499,0.245447670217423
-0.10047458683765101,1.2568686465166101,0.232829333557815
-0.10169446009827601,1.2468211878328501,0.220310884386068
-0.102961734687204,1.23665174182302,0.207893519737788
-0.10427987304797,1.2263555683543002,0.195578483186902
-0.105652278718048,1.2159275810495,0.18336706743988296
-0.107082769436804,1.2053623531776998,0.171260617768747
-0.108575524981745,1.19465407623402,0.15926053562168802
-0.11013515395637101,1.18379652373584,0.147368282621839
-0.111766747020806,1.1727830083402,0.135585384961459
-0.11347594284460401,1.1616063336381202,0.12391343825156698
-0.115269004511252,1.1502587393536599,0.112354112886608
-0.11715290913528,1.13873183890254,0.100909159995327
-0.11913545332141699,1.12701654798901,0.0895804180608695
-0.121225377814984,1.1151030026568702,0.0783698203076401
-0.123432515507155,1.10298046487537,0.0672794029699789
-0.125767968012313,1.09063721332465,0.0563113145789788
-0.12824431739268,1.07806041652342,0.0454678264297384
-0.130875881368613,1.06523598478415,0.0347513444232005
-0.133679022657808,1.05214839664729,0.0241644225160433
-0.13667252612138495,1.03878049438151,0.0137097780608993
-0.139878061421207,1.02511324176937,0.00339030938014483
-0.14332075427680602,1.0111254356272499,-0.00679088400683831
-0.147029896670312,0.996793360199573,-0.0168304779859724
-0.151039836222846,0.982090370532542,-0.026724896639633
-0.155391098521532,0.9669863869102572,-0.036470280426847
-0.160131814964257,0.951447277058104,-0.0460624487466888
-0.16531955499327694,0.935434095561678,-0.0554968556097877
-0.17102369880876198,0.91890214006235,-0.0647685367879079
-0.17732853990987302,0.9017997701814741,-0.073872046339127
-0.18433738391165305,0.884066916190487,-0.0828013797709868
-0.19217802308728,0.865633177799322,-0.0915498802409358
-0.20101013385167105,0.8464153754905941,-0.10011012300738499
-0.2110353968532601,0.826314362105427,-0.108473771695366
-0.22251152458973397,0.805210822420101,-0.11663139761799304
-0.23577197796524801,0.7829596699611271,-0.124572250079899
-0.25125409064982196,0.759382472164602,-0.132283960790528
-0.269539815637119,0.73425706309962,-0.139752158466849
-0.29141572967214197,0.7073030815359079,-0.14695995919002694
-0.31796290542923,0.678161508568694,-0.15388728214054995
-0.350693859396765,0.646365218025771,-0.160509915773522
-0.39176481140216296,0.611295832086095,-0.166798221024081
-0.4443098715899689,0.572119350945878,-0.17271529693924098
-0.5129737032832911,0.527688363786881,-0.178214335512905
-0.60476455668992,0.476390993458552,-0.18323473229913198
-0.730403926487311,0.41591453778955995,-0.18769625995537306
-0.9063522272368708,0.34287414514082903,-0.191490203370025
-1.15735650820973,0.25223892241714196,-0.194465768707815
-1.5175621747948402,0.136503271596169,-0.196409479677881
-2.0209886372294097,-0.0152529458833143,-0.197015731306445
-2.64880613162596,-0.217351809606255,-0.19585270752899805
-3.15718181194065,-0.482232422768851,-0.19235478636712197
